Layer
3.775885 -0.1956795 1.277458 -0.6737437 -1.711706 1.175199
0.643786 -0.321513 0.6433437 -0.03948914 -0.7171838 -0.2041417
0.680939 0.4507141 3.249743 0.4024354 0.4911766 -0.007234502
1.77261 1.850982 2.430999 1.64923 -1.164793 -0.07549047
-0.2622803 -1.373785 -0.7187295 0.904071 0.3234274 -0.9100013
Layer
-0.747054 -1.174925 -0.08605736 -0.3190936 -0.1922508 -2.407039
-4.535647 -2.218286 -1.899102 0.8542716 0.9148189 2.260716
-1.163147 0.5573319 -2.041634 -3.581954 1.413074 1.350474
-0.8287538 1.530638 0.09197774 -1.561988 0.6086323 0.1370517
0.00547389 -1.007675 0.4344814 0.7246298 -2.555056 3.350266
-0.1260718 -0.4779652 -2.868694 1.296062 3.718132 -0.4144878
Layer
2.035062 -3.076349 1.403456 0.6363518 0.2397757 0.01812375 -2.196648
-0.8111546 0.4823228 -0.1039873 -0.1995207 -3.008922 0.495352 1.990523
-0.146552 0.6595464 -0.5704094 -2.075586 0.01580362 -0.7851808 -1.126391
Layer
0.04080236 1.548339 -0.4129748 -0.4394239
-1.511458 -0.8345809 -0.9710481 0.4593743
